IMG_3891_jpg.rf.092f3aee8c5610f6eaa1b3283bf821a0.jpg 975,588,1287,1114,12
IMG_3850---Kopie_jpg.rf.1ca8386a48fae4dbfe26f0bac89a294f.jpg 722,355,1045,667,3 1547,401,1769,754,13 1029,480,1353,794,20 783,528,1036,830,5 1273,559,1459,881,0 1561,572,1836,899,11 0,656,341,875,21 0,691,347,924,9 976,661,1216,978,30 591,691,770,988,28 1773,698,1957,990,16 1397,56,1589,398,26 732,59,993,432,15 422,99,744,474,22 994,106,1237,474,19 1799,185,2036,527,8 107,193,296,550,23 418,338,755,675,12
IMG_3880_jpg.rf.1a40f3ae8e7293f2f3e1f3901b7475ef.jpg 925,440,1255,982,2
IMG_3882_jpg.rf.0003a18ea81e1c6acfb1aa996c983bec.jpg 777,536,1401,1016,28
IMG_3855_jpg.rf.00b5fcc766580cb1df7ea40a60d2a015.jpg 308,0,542,277,6 425,717,763,999,4 1466,1293,1711,1535,5 170,931,437,1277,7 1067,179,1282,469,28 1291,238,1510,536,24 1488,294,1701,588,16 1540,957,1787,1303,0 104,517,358,831,14 302,576,543,875,12 583,369,832,676,13 714,671,955,996,15 1250,1213,1504,1535,30 1143,814,1370,1143,26 1199,506,1433,816,18 963,447,1180,743,2 207,243,448,542,10 525,655,733,969,8 433,291,645,590,9 789,393,1020,696,11 1674,328,1891,627,29 915,748,1134,1068,25 1424,570,1645,878,17 868,104,1099,396,22 266,344,508,654,20 410,951,663,1289,21 581,1033,863,1390,23 804,1056,1061,1411,31 1027,1143,1287,1502,27 1348,884,1589,1224,19 814,501,1121,700,3 1605,623,1830,945,1
IMG_3891_jpg.rf.01a96f57ff1b83d7fe992cd5fc8e1eea.jpg 975,422,1287,948,12
IMG_3899_jpg.rf.051827185edcc69a24270f00b67bfac8.jpg 912,418,1308,1043,26
IMG_3896_jpg.rf.0d1d6f533135e798707a95d9f71a3e4f.jpg 923,477,1374,1145,17
IMG_3876_jpg.rf.1a73cd2a42b9d00c563f533fae1e2e87.jpg 778,429,1291,1033,1
IMG_3861_jpg.rf.0bd853c88addcc8ccf43280927c3d674.jpg 138,902,473,1216,6 1694,370,1984,729,7 866,1170,1152,1450,28 803,977,1132,1231,24 1282,1083,1526,1391,16 114,448,437,755,14 543,356,883,590,12 492,602,744,926,13 1075,371,1424,697,15 778,662,1120,898,26 887,850,1194,1019,18 782,788,1018,1097,2 0,645,258,987,10 885,304,1166,671,8 497,755,731,1033,9 378,539,698,881,11 1584,595,1787,913,29 1339,247,1698,544,25 1471,1131,1675,1411,17 694,1135,953,1436,22 221,533,543,875,20 1316,652,1556,972,27 1422,788,1720,1110,3 369,1047,687,1255,1
IMG_3852_jpg.rf.1b3fc551c6a168aaddf2098ca051cce4.jpg 90,55,283,375,6 838,1113,1039,1476,4 523,41,722,357,5 297,1172,509,1527,7 1011,35,1197,351,28 1281,45,1468,357,24 1510,41,1701,347,24 1790,755,1987,1106,0 65,722,268,1068,14 304,711,501,1059,12 545,404,749,737,13 789,711,981,1049,15 1260,365,1494,707,30 1299,726,1511,1066,26 1547,1102,1753,1472,18 979,374,1178,696,2 75,382,270,713,10 544,743,763,1098,8 328,372,523,705,9 783,366,967,690,11 1726,20,1910,332,29 1024,724,1239,1068,25 1531,368,1724,688,17 767,14,960,331,22 82,1099,288,1463,20 564,1095,789,1472,21 314,24,502,338,23 1052,1082,1247,1443,31 1299,1115,1513,1487,27 1560,735,1757,1087,19 1790,1123,2011,1486,3 1747,375,1942,700,1
IMG_3892_jpg.rf.20712cc959cf12514fb0fc7ffb0b47b6.jpg 970,543,1319,1093,11
IMG_3873_jpg.rf.1edd6e75f96c3d927359e0bbd32e686c.jpg 873,541,1469,1127,23
IMG_3872_jpg.rf.1767a9d8f840b612cab194f51b053431.jpg 803,447,1102,943,7
IMG_3879_jpg.rf.0d46c24d045ad9ed05a590658bd16be7.jpg 947,542,1507,1118,29
IMG_3874_jpg.rf.0a08c4f72eba4137344b0d4d970425c5.jpg 837,346,1288,926,18
IMG_3854_jpg.rf.1bff4a222fd80d3ba3119ba363a59f85.jpg 126,1128,306,1425,6 478,394,822,751,4 1790,105,1982,451,5 330,33,531,390,7 982,1179,1169,1473,28 1236,1189,1420,1479,24 1452,1192,1647,1486,16 1760,491,1955,824,0 109,476,296,807,14 333,489,517,827,12 560,805,748,1119,13 802,519,989,843,15 1556,108,1757,463,30 1283,510,1496,840,26 1248,873,1431,1176,18 965,852,1159,1163,2 113,812,298,1128,10 557,466,769,799,8 347,829,539,1145,9 779,853,961,1157,11 1658,1220,1848,1507,29 1012,498,1228,836,25 1486,874,1685,1185,17 762,1195,935,1485,22 142,707,467,1048,20 586,95,784,457,21 802,66,1026,433,23 1044,125,1236,473,31 1306,102,1500,466,27 1536,498,1728,834,19 779,822,1129,1111,3 1688,873,1892,1181,1
IMG_3862_jpg.rf.1b63963c4e226b1e67e8bc91b9e2010e.jpg 239,348,568,646,6 1460,300,1655,586,7 946,123,1232,391,28 853,379,1152,671,24 1082,339,1309,648,16 195,808,533,1096,14 620,963,958,1192,12 579,626,817,943,13 1054,976,1420,1249,15 855,654,1184,899,26 925,614,1233,790,18 815,508,1072,822,2 71,557,350,892,10 944,879,1219,1247,8 576,525,815,833,9 467,670,775,1008,11 1437,434,1727,735,29 1501,905,1838,1143,25 1258,346,1470,634,17 782,143,1037,429,22 315,670,620,1010,20 1125,820,1478,1148,27 1368,650,1554,960,3 447,313,776,508,1
IMG_3872_jpg.rf.21e312e549b22cae39f2747312bd3e55.jpg 803,593,1102,1089,7
IMG_3856_jpg.rf.23a03cda09ee0c5cd2f7ecf92e8aa548.jpg 67,1103,242,1397,6 1270,535,1601,745,4 1639,144,1824,484,5 1592,599,1932,900,7 882,1159,1064,1445,28 1137,913,1459,1147,24 1335,1179,1534,1473,16 0,86,203,425,0 54,479,236,799,14 255,496,437,818,12 482,802,664,1103,13 758,500,940,809,15 1424,152,1606,487,30 1047,677,1354,997,26 1443,905,1636,1203,18 866,849,1055,1148,2 54,800,232,1107,10 480,469,688,798,8 275,820,463,1127,9 691,850,869,1142,11 1530,1208,1708,1485,29 916,509,1119,829,25 1662,890,1866,1188,17 670,1174,842,1458,22 78,705,390,1032,20 237,92,542,454,21 646,116,936,486,23 942,167,1122,494,31 1189,148,1376,490,27 1405,520,1583,834,19 693,818,1024,1095,3 326,1139,655,1438,1
IMG_3850_jpg.rf.26de86253059ccaecb4b6faa6c18b841.jpg 1019,702,1266,977,5 1277,548,1459,847,28 89,545,271,841,16 587,652,786,955,0 1290,856,1625,1198,12 285,786,504,1135,13 1052,1103,1314,1478,15 832,562,1072,878,30 465,1134,647,1476,26 7,1005,243,1351,8 1703,610,2047,842,9 209,637,491,962,11 495,823,755,1158,29 1309,1061,1627,1433,22 695,739,1022,1055,20 1711,657,2047,876,21 1754,990,1939,1334,23 811,1060,1051,1421,19 1005,870,1325,1175,3
IMG_3870_jpg.rf.25d040ee96996a0477dc581aaf2871a4.jpg 706,526,1085,739,4 680,460,1097,826,31 59,488,316,869,16 1333,518,1726,899,5 373,599,808,923,7 0,681,87,921,22 1251,672,1500,1074,29 968,672,1362,1079,2 342,744,765,1036,18 473,725,815,1164,23 1508,836,1922,1093,0 507,298,902,541,30
IMG_3858_jpg.rf.14d8f090fb5f0801573fed050bdfb538.jpg 254,1055,501,1350,6 1335,569,1672,775,4 1721,176,1914,514,5 1657,633,1999,928,7 1091,1073,1351,1367,28 1229,919,1538,1136,24 1387,1185,1589,1462,16 82,126,305,460,0 128,448,440,781,14 442,483,749,784,12 571,844,831,1123,13 842,530,1018,829,15 1337,189,1655,548,30 1117,701,1422,1013,26 1493,928,1701,1212,18 949,842,1154,1134,2 148,757,340,1058,10 607,461,861,790,8 400,823,578,1119,9 784,855,971,1141,11 1577,1215,1761,1479,29 987,535,1195,853,25 1718,915,1928,1203,17 892,1142,1061,1406,22 224,690,553,976,20 335,132,629,493,21 1155,210,1366,559,23 657,282,988,518,31 476,749,798,1037,27 1468,550,1660,857,19 783,832,1101,1083,3 467,1129,765,1411,1
IMG_3873_jpg.rf.28bf858669543c056f78c7c162caae1e.jpg 873,409,1469,995,23
IMG_3889_jpg.rf.2b7c32c365f2d2a570d182f40752a452.jpg 1040,407,1351,947,3
IMG_3869_jpg.rf.2b8719fce3c17d41cc1c3e6de88d1798.jpg 1139,564,1556,960,4 843,646,1243,1066,5 432,496,837,821,7 666,232,1059,606,16 1077,1005,1534,1396,0 1147,224,1566,521,30 244,419,627,830,18 529,709,966,1015,2 795,831,1031,1244,29 853,337,1098,724,23 1303,512,1729,926,31
IMG_3975_jpg.rf.27a25b4b0de8bf90de6b741fedcd79de.jpg 382,419,1371,991,27
IMG_3887_jpg.rf.2ff4cc314b8d7133ab2cfddc1402a905.jpg 938,499,1246,1025,25
IMG_3896_jpg.rf.2d30ba08681871aa6f786def6520db20.jpg 923,391,1374,1059,17
IMG_3975_jpg.rf.3658835371faeecac73103978c5d3b9e.jpg 382,419,1371,991,27
IMG_3859_jpg.rf.31cc122a842a8e4994150070de1e8b7b.jpg 215,149,464,437,6 1275,742,1593,927,4 1521,687,1824,992,5 1687,505,1994,672,7 1052,147,1304,441,28 1136,341,1444,530,24 1457,164,1697,452,16 24,1022,254,1357,0 76,710,398,1041,14 389,711,716,1012,12 551,375,785,674,13 795,668,970,964,15 1255,911,1569,1240,30 1072,489,1364,805,26 1303,387,1619,584,18 903,370,1109,664,2 103,433,288,729,10 560,705,820,1031,8 353,372,541,654,9 741,363,932,647,11 1551,356,1808,661,29 940,658,1143,957,25 1680,164,1873,422,17 859,102,1016,366,22 177,516,508,800,20 286,998,576,1351,21 1094,942,1306,1278,23 609,972,932,1210,31 434,456,761,744,27 1376,694,1580,988,19 739,423,1061,666,3 431,90,730,369,1
IMG_3879_jpg.rf.321377654252d9c5faff976c54c086f9.jpg 947,418,1507,994,29
IMG_3871_jpg.rf.38fcb9af5f51a51edbfd97a5ba51a3e7.jpg 666,531,1066,748,4 874,145,1279,532,5 647,882,1026,1364,7 0,511,257,917,16 918,221,1331,485,0 449,290,864,554,30 1071,761,1556,1122,18 1357,782,1801,1175,2 1371,668,1832,1055,29 1257,983,1670,1474,23 730,436,1149,828,31
IMG_3896_jpg.rf.414a6abb101ba218ef543f63ae43cff8.jpg 923,477,1374,1145,17
IMG_3884_jpg.rf.3c8a6c110688f4df37e99b080baeaf9d.jpg 835,624,1397,953,30
IMG_3866_jpg.rf.43ec1f2516b98c5912bf718ed96bafc7.jpg 808,482,1340,843,4 213,521,758,960,5 903,645,1390,926,0 1161,1062,1669,1378,30 523,861,1027,1352,21 214,925,688,1366,23 1301,253,1883,744,31 499,632,806,1155,19
IMG_3863_jpg.rf.401a716de7a62467560a073d1099e5ba.jpg 665,616,984,808,6 1471,341,1668,636,7 924,171,1233,442,28 1058,544,1390,851,24 1115,391,1337,679,16 25,778,375,1119,14 290,1059,659,1314,12 555,793,899,1134,13 1089,1011,1423,1320,15 908,869,1253,1076,26 991,748,1326,1085,18 914,896,1199,1262,2 255,480,444,786,10 954,923,1245,1323,8 773,630,1082,959,9 391,700,621,1027,11 1449,469,1746,785,29 1515,952,1859,1195,25 1272,387,1482,690,17 915,162,1212,450,22 79,738,274,1071,20 1158,925,1513,1237,27 1383,704,1577,1018,3 652,384,959,571,1
IMG_3885_jpg.rf.447014f85f47e5e3a40e538babe27add.jpg 936,456,1398,1058,21
IMG_3860_jpg.rf.4a502457818dce5bd1ae6fbf444d0f26.jpg 312,257,632,581,6 1571,869,1961,1157,7 1041,160,1376,458,28 1175,331,1517,620,24 1409,192,1669,532,16 188,853,547,1184,14 656,1013,1013,1245,12 758,572,977,905,13 974,920,1338,1295,15 1084,622,1391,964,26 1282,431,1654,732,18 1013,481,1238,810,2 192,549,385,876,10 837,938,1163,1314,8 554,572,822,921,9 816,484,1033,809,11 1074,1113,1435,1338,25 1608,159,1840,464,17 860,159,1076,458,22 378,686,696,1043,20 871,621,1189,967,27 1324,443,1577,781,3 525,171,785,487,1
IMG_3863_jpg.rf.500e8d9063df296345b8480f4006f987.jpg 665,616,984,808,6 1471,341,1668,636,7 924,171,1233,442,28 1058,544,1390,851,24 1115,391,1337,679,16 25,778,375,1119,14 290,1059,659,1314,12 555,793,899,1134,13 1089,1011,1423,1320,15 908,869,1253,1076,26 991,748,1326,1085,18 914,896,1199,1262,2 255,480,444,786,10 954,923,1245,1323,8 773,630,1082,959,9 391,700,621,1027,11 1449,469,1746,785,29 1515,952,1859,1195,25 1272,387,1482,690,17 915,162,1212,450,22 79,738,274,1071,20 1158,925,1513,1237,27 1383,704,1577,1018,3 652,384,959,571,1
IMG_3888_jpg.rf.45a85f131decd16335e8d2c044d02ed3.jpg 925,530,1264,1074,9
IMG_3850_jpg.rf.4e2a02a46879bad3146ab3b8d356cfe5.jpg 1019,560,1266,835,5 1277,690,1459,989,28 89,695,271,991,16 587,582,786,885,0 1290,338,1625,680,12 285,402,504,751,13 1052,59,1314,434,15 832,658,1072,974,30 465,60,647,402,26 7,185,243,531,8 1703,694,2047,926,9 209,575,491,900,11 495,379,755,714,29 1309,103,1627,475,22 695,481,1022,797,20 1711,661,2047,880,21 1754,202,1939,546,23 811,116,1051,477,19 1005,362,1325,667,3
IMG_3859_jpg.rf.503989541b486ba2fb48775d78fff588.jpg 215,1099,464,1387,6 1275,610,1593,795,4 1521,545,1824,850,5 1687,865,1994,1032,7 1052,1095,1304,1389,28 1136,1007,1444,1196,24 1457,1084,1697,1372,16 24,180,254,515,0 76,496,398,827,14 389,525,716,826,12 551,863,785,1162,13 795,572,970,868,15 1255,297,1569,626,30 1072,731,1364,1047,26 1303,953,1619,1150,18 903,872,1109,1166,2 103,807,288,1103,10 560,505,820,831,8 353,882,541,1164,9 741,889,932,1173,11 1551,876,1808,1181,29 940,580,1143,879,25 1680,1114,1873,1372,17 859,1170,1016,1434,22 177,736,508,1020,20 286,186,576,539,21 1094,258,1306,594,23 609,326,932,564,31 434,792,761,1080,27 1376,548,1580,842,19 739,871,1061,1114,3 431,1168,730,1447,1
IMG_3891_jpg.rf.452e7541a96970905ba0e7f0b5f919ac.jpg 975,588,1287,1114,12
IMG_3852_jpg.rf.4a83c4d22d43b2aa97e08d61b20dfb44.jpg 90,55,283,375,6 838,1113,1039,1476,4 523,41,722,357,5 297,1172,509,1527,7 1011,35,1197,351,28 1281,45,1468,357,24 1510,41,1701,347,24 1790,755,1987,1106,0 65,722,268,1068,14 304,711,501,1059,12 545,404,749,737,13 789,711,981,1049,15 1260,365,1494,707,30 1299,726,1511,1066,26 1547,1102,1753,1472,18 979,374,1178,696,2 75,382,270,713,10 544,743,763,1098,8 328,372,523,705,9 783,366,967,690,11 1726,20,1910,332,29 1024,724,1239,1068,25 1531,368,1724,688,17 767,14,960,331,22 82,1099,288,1463,20 564,1095,789,1472,21 314,24,502,338,23 1052,1082,1247,1443,31 1299,1115,1513,1487,27 1560,735,1757,1087,19 1790,1123,2011,1486,3 1747,375,1942,700,1
IMG_3854_jpg.rf.5b0f136b0b1a46ab56172d42e06be9fd.jpg 126,1128,306,1425,6 478,394,822,751,4 1790,105,1982,451,5 330,33,531,390,7 982,1179,1169,1473,28 1236,1189,1420,1479,24 1452,1192,1647,1486,16 1760,491,1955,824,0 109,476,296,807,14 333,489,517,827,12 560,805,748,1119,13 802,519,989,843,15 1556,108,1757,463,30 1283,510,1496,840,26 1248,873,1431,1176,18 965,852,1159,1163,2 113,812,298,1128,10 557,466,769,799,8 347,829,539,1145,9 779,853,961,1157,11 1658,1220,1848,1507,29 1012,498,1228,836,25 1486,874,1685,1185,17 762,1195,935,1485,22 142,707,467,1048,20 586,95,784,457,21 802,66,1026,433,23 1044,125,1236,473,31 1306,102,1500,466,27 1536,498,1728,834,19 779,822,1129,1111,3 1688,873,1892,1181,1
IMG_3892_jpg.rf.5c2da650832a31a3b18e8e446c760121.jpg 970,543,1319,1093,11
IMG_3880_jpg.rf.5c876945252351100b84486a7c869366.jpg 925,440,1255,982,2
IMG_3862_jpg.rf.5fe399b423bc74338ca27d11520445b8.jpg 239,348,568,646,6 1460,300,1655,586,7 946,123,1232,391,28 853,379,1152,671,24 1082,339,1309,648,16 195,808,533,1096,14 620,963,958,1192,12 579,626,817,943,13 1054,976,1420,1249,15 855,654,1184,899,26 925,614,1233,790,18 815,508,1072,822,2 71,557,350,892,10 944,879,1219,1247,8 576,525,815,833,9 467,670,775,1008,11 1437,434,1727,735,29 1501,905,1838,1143,25 1258,346,1470,634,17 782,143,1037,429,22 315,670,620,1010,20 1125,820,1478,1148,27 1368,650,1554,960,3 447,313,776,508,1
IMG_3850---Kopie_jpg.rf.64ccd02343018137f0993070c39ab7a2.jpg 722,869,1045,1181,3 1547,783,1769,1136,13 1029,742,1353,1056,20 783,706,1036,1008,5 1273,655,1459,977,0 1561,638,1836,965,11 0,661,341,880,21 0,612,347,845,9 976,559,1216,876,30 591,549,770,846,28 1773,546,1957,838,16 1397,1138,1589,1480,26 732,1105,993,1478,15 422,1063,744,1438,22 994,1062,1237,1430,19 1799,1009,2036,1351,8 107,987,296,1344,23 418,862,755,1199,12
IMG_3868_jpg.rf.68212d98a41a3c71a9ebdcede9ed7ab4.jpg 811,666,1271,954,4 676,541,1072,972,5 400,828,822,1163,7 929,376,1355,806,0 1145,1116,1571,1430,30 221,843,619,1260,18 329,477,779,799,2 434,182,815,647,29 778,876,1060,1257,23 1250,757,1493,1140,31
IMG_3895_jpg.rf.6a9015bac290ba40fc64399f364b4e6c.jpg 850,531,1270,1224,20
IMG_3855_jpg.rf.6cd752b7ddb9fe02394ede3384011ff5.jpg 308,0,542,277,6 425,717,763,999,4 1466,1293,1711,1535,5 170,931,437,1277,7 1067,179,1282,469,28 1291,238,1510,536,24 1488,294,1701,588,16 1540,957,1787,1303,0 104,517,358,831,14 302,576,543,875,12 583,369,832,676,13 714,671,955,996,15 1250,1213,1504,1535,30 1143,814,1370,1143,26 1199,506,1433,816,18 963,447,1180,743,2 207,243,448,542,10 525,655,733,969,8 433,291,645,590,9 789,393,1020,696,11 1674,328,1891,627,29 915,748,1134,1068,25 1424,570,1645,878,17 868,104,1099,396,22 266,344,508,654,20 410,951,663,1289,21 581,1033,863,1390,23 804,1056,1061,1411,31 1027,1143,1287,1502,27 1348,884,1589,1224,19 814,501,1121,700,3 1605,623,1830,945,1
IMG_3886_jpg.rf.6feab0129d5186ce20e9bc631fda7a09.jpg 927,545,1363,1139,19
IMG_3904_jpg.rf.6fc12025a0cb5f0794b6ac975abc29da.jpg 176,470,777,937,16 1423,442,1812,1015,6 704,668,1260,1041,8 310,722,869,1039,10 501,736,1060,1040,26 742,749,1322,1188,15 894,782,1448,1246,17 702,922,1292,1341,20 867,130,1495,709,22
IMG_3872_jpg.rf.6dc321506932017f6e5989e61d144b5b.jpg 803,593,1102,1089,7
IMG_3876_jpg.rf.6fa097d53ab770b8f2b758917def342b.jpg 778,503,1291,1107,1
IMG_3850---Kopie_jpg.rf.710336f9725956b048cf85e1f9104366.jpg 722,869,1045,1181,3 1547,783,1769,1136,13 1029,742,1353,1056,20 783,706,1036,1008,5 1273,655,1459,977,0 1561,638,1836,965,11 0,661,341,880,21 0,612,347,845,9 976,559,1216,876,30 591,549,770,846,28 1773,546,1957,838,16 1397,1138,1589,1480,26 732,1105,993,1478,15 422,1063,744,1438,22 994,1062,1237,1430,19 1799,1009,2036,1351,8 107,987,296,1344,23 418,862,755,1199,12
IMG_3892_jpg.rf.7462a3b979d492d7d458a4c8335b80c2.jpg 970,543,1319,1093,11
IMG_3888_jpg.rf.7269a937130f3cd92ba322c7b037f503.jpg 925,462,1264,1006,9
IMG_3878_jpg.rf.795f8ec6002d187b1a5f219c92ec90be.jpg 941,702,1520,1081,0
IMG_3870_jpg.rf.7b1a4ea0588e7fd0ce4930116e912d8f.jpg 706,526,1085,739,4 680,460,1097,826,31 59,488,316,869,16 1333,518,1726,899,5 373,599,808,923,7 0,681,87,921,22 1251,672,1500,1074,29 968,672,1362,1079,2 342,744,765,1036,18 473,725,815,1164,23 1508,836,1922,1093,0 507,298,902,541,30
IMG_3882_jpg.rf.7d3ce18d1d1c505478eb6917e30756f9.jpg 777,536,1401,1016,28
IMG_3895_jpg.rf.7c7cd99cc64cd784da9436aeb4dae234.jpg 850,531,1270,1224,20
IMG_3871_jpg.rf.7f655dc9dab006bb9000e673b3196b08.jpg 666,531,1066,748,4 874,145,1279,532,5 647,882,1026,1364,7 0,511,257,917,16 918,221,1331,485,0 449,290,864,554,30 1071,761,1556,1122,18 1357,782,1801,1175,2 1371,668,1832,1055,29 1257,983,1670,1474,23 730,436,1149,828,31
IMG_3895_jpg.rf.824c11e9adbcf49668891c49555e183e.jpg 850,313,1270,1006,20
IMG_3858_jpg.rf.8087f5c24bd1abab0b050e105cde61e6.jpg 254,1055,501,1350,6 1335,569,1672,775,4 1721,176,1914,514,5 1657,633,1999,928,7 1091,1073,1351,1367,28 1229,919,1538,1136,24 1387,1185,1589,1462,16 82,126,305,460,0 128,448,440,781,14 442,483,749,784,12 571,844,831,1123,13 842,530,1018,829,15 1337,189,1655,548,30 1117,701,1422,1013,26 1493,928,1701,1212,18 949,842,1154,1134,2 148,757,340,1058,10 607,461,861,790,8 400,823,578,1119,9 784,855,971,1141,11 1577,1215,1761,1479,29 987,535,1195,853,25 1718,915,1928,1203,17 892,1142,1061,1406,22 224,690,553,976,20 335,132,629,493,21 1155,210,1366,559,23 657,282,988,518,31 476,749,798,1037,27 1468,550,1660,857,19 783,832,1101,1083,3 467,1129,765,1411,1
IMG_3885_jpg.rf.82a9d554fc459df8c0ab0fbaf93e745c.jpg 936,456,1398,1058,21
IMG_3852_jpg.rf.80d0765a007919c7617e498719aa0e75.jpg 90,1161,283,1481,6 838,61,1039,424,4 523,1179,722,1495,5 297,10,509,365,7 1011,1185,1197,1501,28 1281,1179,1468,1491,24 1510,1189,1701,1495,24 1790,431,1987,782,0 65,468,268,814,14 304,477,501,825,12 545,800,749,1133,13 789,487,981,825,15 1260,829,1494,1171,30 1299,470,1511,810,26 1547,64,1753,434,18 979,840,1178,1162,2 75,824,270,1155,10 544,439,763,794,8 328,832,523,1165,9 783,846,967,1170,11 1726,1204,1910,1516,29 1024,468,1239,812,25 1531,848,1724,1168,17 767,1206,960,1523,22 82,73,288,437,20 564,65,789,442,21 314,1198,502,1512,23 1052,94,1247,455,31 1299,49,1513,421,27 1560,449,1757,801,19 1790,51,2011,414,3 1747,837,1942,1162,1
IMG_3878_jpg.rf.8282929b54d9ece2a622c5ed721b9cda.jpg 941,456,1520,835,0
IMG_3869_jpg.rf.8647de1893315c83e30c596d41ca66aa.jpg 1139,564,1556,960,4 843,646,1243,1066,5 432,496,837,821,7 666,232,1059,606,16 1077,1005,1534,1396,0 1147,224,1566,521,30 244,419,627,830,18 529,709,966,1015,2 795,831,1031,1244,29 853,337,1098,724,23 1303,512,1729,926,31
IMG_3880_jpg.rf.89c6aa372aa2a1067cd049a0fdb82240.jpg 925,554,1255,1096,2
IMG_3850_jpg.rf.8a0f38411c5218006e6ed4313ee471fa.jpg 1019,560,1266,835,5 1277,690,1459,989,28 89,695,271,991,16 587,582,786,885,0 1290,338,1625,680,12 285,402,504,751,13 1052,59,1314,434,15 832,658,1072,974,30 465,60,647,402,26 7,185,243,531,8 1703,694,2047,926,9 209,575,491,900,11 495,379,755,714,29 1309,103,1627,475,22 695,481,1022,797,20 1711,661,2047,880,21 1754,202,1939,546,23 811,116,1051,477,19 1005,362,1325,667,3
IMG_3874_jpg.rf.30e56e4cfa2c7978149d678dee5248a7.jpg 837,346,1288,926,18
IMG_3904_jpg.rf.8d59c31ba2d8261ce27c32bfaa264065.jpg 176,470,777,937,16 1423,442,1812,1015,6 704,668,1260,1041,8 310,722,869,1039,10 501,736,1060,1040,26 742,749,1322,1188,15 894,782,1448,1246,17 702,922,1292,1341,20 867,130,1495,709,22
IMG_3856_jpg.rf.9078ca1e22fd76d80848aec46793fac5.jpg 67,139,242,433,6 1270,791,1601,1001,4 1639,1052,1824,1392,5 1592,637,1932,938,7 882,91,1064,377,28 1137,389,1459,623,24 1335,63,1534,357,16 0,1111,203,1450,0 54,737,236,1057,14 255,718,437,1040,12 482,434,664,735,13 758,728,940,1037,15 1424,1050,1606,1385,30 1047,539,1354,859,26 1443,333,1636,631,18 866,389,1055,688,2 54,430,232,737,10 480,739,688,1068,8 275,410,463,717,9 691,394,869,686,11 1530,52,1708,329,29 916,707,1119,1027,25 1662,348,1866,646,17 670,78,842,362,22 78,505,390,832,20 237,1082,542,1444,21 646,1050,936,1420,23 942,1043,1122,1370,31 1189,1046,1376,1388,27 1405,702,1583,1016,19 693,442,1024,719,3 326,99,655,398,1
IMG_3884_jpg.rf.8bef98efa3a723d7688464dec2b38638.jpg 835,624,1397,953,30
IMG_3857_jpg.rf.8f95a0b79990913045afc4a1353c106c.jpg 145,1116,327,1410,6 1371,543,1702,756,4 1748,158,1932,489,5 1689,606,2023,909,7 975,1170,1157,1452,28 1231,920,1558,1158,24 1422,1191,1625,1477,16 61,73,293,425,0 134,478,327,805,14 344,497,536,824,12 577,807,759,1108,13 860,504,1040,816,15 1529,159,1724,495,30 1145,683,1455,1008,26 1530,910,1734,1209,18 960,850,1152,1157,2 134,807,318,1119,10 577,472,789,805,8 364,824,558,1138,9 786,854,964,1153,11 1614,1210,1798,1487,29 1016,518,1226,842,25 1756,900,1958,1192,17 766,1183,937,1465,22 160,709,486,1042,20 325,85,643,460,21 749,115,1044,494,23 1047,165,1240,501,31 1293,150,1481,490,27 1505,522,1692,842,19 787,824,1124,1105,3 414,1148,745,1447,1
IMG_3873_jpg.rf.92bc3a5912c1c5316df67ebe02236521.jpg 873,409,1469,995,23
IMG_3855_jpg.rf.909a8b49653e446b45aeaee5dce22dfc.jpg 308,0,542,277,6 425,717,763,999,4 1466,1293,1711,1535,5 170,931,437,1277,7 1067,179,1282,469,28 1291,238,1510,536,24 1488,294,1701,588,16 1540,957,1787,1303,0 104,517,358,831,14 302,576,543,875,12 583,369,832,676,13 714,671,955,996,15 1250,1213,1504,1535,30 1143,814,1370,1143,26 1199,506,1433,816,18 963,447,1180,743,2 207,243,448,542,10 525,655,733,969,8 433,291,645,590,9 789,393,1020,696,11 1674,328,1891,627,29 915,748,1134,1068,25 1424,570,1645,878,17 868,104,1099,396,22 266,344,508,654,20 410,951,663,1289,21 581,1033,863,1390,23 804,1056,1061,1411,31 1027,1143,1287,1502,27 1348,884,1589,1224,19 814,501,1121,700,3 1605,623,1830,945,1
IMG_3894_jpg.rf.934339522ad214a4c8b16871c10b1ee6.jpg 905,577,1220,1121,13
IMG_3854_jpg.rf.97afa41cf2682265f0f1b5eeba7f5476.jpg 126,1128,306,1425,6 478,394,822,751,4 1790,105,1982,451,5 330,33,531,390,7 982,1179,1169,1473,28 1236,1189,1420,1479,24 1452,1192,1647,1486,16 1760,491,1955,824,0 109,476,296,807,14 333,489,517,827,12 560,805,748,1119,13 802,519,989,843,15 1556,108,1757,463,30 1283,510,1496,840,26 1248,873,1431,1176,18 965,852,1159,1163,2 113,812,298,1128,10 557,466,769,799,8 347,829,539,1145,9 779,853,961,1157,11 1658,1220,1848,1507,29 1012,498,1228,836,25 1486,874,1685,1185,17 762,1195,935,1485,22 142,707,467,1048,20 586,95,784,457,21 802,66,1026,433,23 1044,125,1236,473,31 1306,102,1500,466,27 1536,498,1728,834,19 779,822,1129,1111,3 1688,873,1892,1181,1
IMG_3899_jpg.rf.991a92cf748f295b37981410885223df.jpg 912,418,1308,1043,26
IMG_3885_jpg.rf.9ace1b33f1dcb92c6d7318b70aff4481.jpg 936,456,1398,1058,21
IMG_3899_jpg.rf.a1f454f9a83986dda901a7e042162cf8.jpg 912,418,1308,1043,26
IMG_3861_jpg.rf.a2e2ead818f1ede07717cf6f60e51f18.jpg 138,320,473,634,6 1694,808,1984,1167,7 866,86,1152,366,28 803,305,1132,559,24 1282,145,1526,453,16 114,782,437,1089,14 543,946,883,1180,12 492,610,744,934,13 1075,839,1424,1165,15 778,638,1120,874,26 887,518,1194,687,18 782,440,1018,749,2 0,549,258,891,10 885,866,1166,1233,8 497,503,731,781,9 378,655,698,997,11 1584,623,1787,941,29 1339,993,1698,1290,25 1471,125,1675,405,17 694,101,953,402,22 221,661,543,1003,20 1316,564,1556,884,27 1422,426,1720,748,3 369,281,687,489,1
IMG_3861_jpg.rf.a6a1df63a28cee941a8b70795a514327.jpg 138,320,473,634,6 1694,808,1984,1167,7 866,86,1152,366,28 803,305,1132,559,24 1282,145,1526,453,16 114,782,437,1089,14 543,946,883,1180,12 492,610,744,934,13 1075,839,1424,1165,15 778,638,1120,874,26 887,518,1194,687,18 782,440,1018,749,2 0,549,258,891,10 885,866,1166,1233,8 497,503,731,781,9 378,655,698,997,11 1584,623,1787,941,29 1339,993,1698,1290,25 1471,125,1675,405,17 694,101,953,402,22 221,661,543,1003,20 1316,564,1556,884,27 1422,426,1720,748,3 369,281,687,489,1
IMG_3862_jpg.rf.a5020576c29e7b6e911cfe375f3043ac.jpg 239,348,568,646,6 1460,300,1655,586,7 946,123,1232,391,28 853,379,1152,671,24 1082,339,1309,648,16 195,808,533,1096,14 620,963,958,1192,12 579,626,817,943,13 1054,976,1420,1249,15 855,654,1184,899,26 925,614,1233,790,18 815,508,1072,822,2 71,557,350,892,10 944,879,1219,1247,8 576,525,815,833,9 467,670,775,1008,11 1437,434,1727,735,29 1501,905,1838,1143,25 1258,346,1470,634,17 782,143,1037,429,22 315,670,620,1010,20 1125,820,1478,1148,27 1368,650,1554,960,3 447,313,776,508,1
IMG_3860_jpg.rf.a78c9f273f88e03e0a4c1fc21f349ffb.jpg 312,257,632,581,6 1571,869,1961,1157,7 1041,160,1376,458,28 1175,331,1517,620,24 1409,192,1669,532,16 188,853,547,1184,14 656,1013,1013,1245,12 758,572,977,905,13 974,920,1338,1295,15 1084,622,1391,964,26 1282,431,1654,732,18 1013,481,1238,810,2 192,549,385,876,10 837,938,1163,1314,8 554,572,822,921,9 816,484,1033,809,11 1074,1113,1435,1338,25 1608,159,1840,464,17 860,159,1076,458,22 378,686,696,1043,20 871,621,1189,967,27 1324,443,1577,781,3 525,171,785,487,1
IMG_3884_jpg.rf.aa1d9edd0c47c5e95a27d2aee0fd0fc2.jpg 835,624,1397,953,30
IMG_3871_jpg.rf.ab36f0fb2b79ff114f7a7d160cb7ee1d.jpg 666,531,1066,748,4 874,145,1279,532,5 647,882,1026,1364,7 0,511,257,917,16 918,221,1331,485,0 449,290,864,554,30 1071,761,1556,1122,18 1357,782,1801,1175,2 1371,668,1832,1055,29 1257,983,1670,1474,23 730,436,1149,828,31
IMG_3904_jpg.rf.ae2cf827f42e3b3e2278994d75744db4.jpg 176,470,777,937,16 1423,442,1812,1015,6 704,668,1260,1041,8 310,722,869,1039,10 501,736,1060,1040,26 742,749,1322,1188,15 894,782,1448,1246,17 702,922,1292,1341,20 867,130,1495,709,22
IMG_3887_jpg.rf.ab572bdd43a973bd25d67c1ed84ff89f.jpg 938,511,1246,1037,25
IMG_3887_jpg.rf.af8d0f69a311a0685ed5ab5ca58d4d28.jpg 938,499,1246,1025,25
IMG_3870_jpg.rf.b0bbc3984cad8693fc8ed8f4f1c246d8.jpg 706,526,1085,739,4 680,460,1097,826,31 59,488,316,869,16 1333,518,1726,899,5 373,599,808,923,7 0,681,87,921,22 1251,672,1500,1074,29 968,672,1362,1079,2 342,744,765,1036,18 473,725,815,1164,23 1508,836,1922,1093,0 507,298,902,541,30
IMG_3858_jpg.rf.b5a748795d29611201877e56242e4091.jpg 254,187,501,482,6 1335,761,1672,967,4 1721,1022,1914,1360,5 1657,609,1999,904,7 1091,169,1351,463,28 1229,401,1538,618,24 1387,75,1589,352,16 82,1076,305,1410,0 128,756,440,1089,14 442,753,749,1054,12 571,414,831,693,13 842,708,1018,1007,15 1337,989,1655,1348,30 1117,523,1422,835,26 1493,324,1701,608,18 949,402,1154,694,2 148,479,340,780,10 607,747,861,1076,8 400,417,578,713,9 784,395,971,681,11 1577,57,1761,321,29 987,683,1195,1001,25 1718,333,1928,621,17 892,130,1061,394,22 224,560,553,846,20 335,1044,629,1405,21 1155,978,1366,1327,23 657,1018,988,1254,31 476,499,798,787,27 1468,680,1660,987,19 783,454,1101,705,3 467,125,765,407,1
IMG_3856_jpg.rf.ba67cb87ac8ba69b10c81f34f70b7051.jpg 67,1103,242,1397,6 1270,535,1601,745,4 1639,144,1824,484,5 1592,599,1932,900,7 882,1159,1064,1445,28 1137,913,1459,1147,24 1335,1179,1534,1473,16 0,86,203,425,0 54,479,236,799,14 255,496,437,818,12 482,802,664,1103,13 758,500,940,809,15 1424,152,1606,487,30 1047,677,1354,997,26 1443,905,1636,1203,18 866,849,1055,1148,2 54,800,232,1107,10 480,469,688,798,8 275,820,463,1127,9 691,850,869,1142,11 1530,1208,1708,1485,29 916,509,1119,829,25 1662,890,1866,1188,17 670,1174,842,1458,22 78,705,390,1032,20 237,92,542,454,21 646,116,936,486,23 942,167,1122,494,31 1189,148,1376,490,27 1405,520,1583,834,19 693,818,1024,1095,3 326,1139,655,1438,1
IMG_3863_jpg.rf.c169c2223944dd1e90110de23a7caad2.jpg 665,728,984,920,6 1471,901,1668,1196,7 924,1095,1233,1366,28 1058,686,1390,993,24 1115,857,1337,1145,16 25,418,375,759,14 290,223,659,478,12 555,403,899,744,13 1089,217,1423,526,15 908,461,1253,668,26 991,452,1326,789,18 914,274,1199,640,2 255,750,444,1056,10 954,213,1245,613,8 773,578,1082,907,9 391,510,621,837,11 1449,751,1746,1067,29 1515,342,1859,585,25 1272,847,1482,1150,17 915,1086,1212,1374,22 79,466,274,799,20 1158,299,1513,611,27 1383,518,1577,832,3 652,966,959,1153,1
IMG_3876_jpg.rf.bc002d1dbbf18b278631320069e9d805.jpg 778,429,1291,1033,1
IMG_3869_jpg.rf.c40288660afca2c80eb74fa19bb4e54a.jpg 1139,564,1556,960,4 843,646,1243,1066,5 432,496,837,821,7 666,232,1059,606,16 1077,1005,1534,1396,0 1147,224,1566,521,30 244,419,627,830,18 529,709,966,1015,2 795,831,1031,1244,29 853,337,1098,724,23 1303,512,1729,926,31
IMG_3889_jpg.rf.c8bb03c739318680f1283107ca02c318.jpg 1040,589,1351,1129,3
IMG_3886_jpg.rf.d02c96fe3f43b408ba76a2c4b8b20c32.jpg 927,397,1363,991,19
IMG_3866_jpg.rf.d395e7b013bef81a3d2a536e0ce821b4.jpg 808,482,1340,843,4 213,521,758,960,5 903,645,1390,926,0 1161,1062,1669,1378,30 523,861,1027,1352,21 214,925,688,1366,23 1301,253,1883,744,31 499,632,806,1155,19
IMG_3889_jpg.rf.c798c4cba4c3263033eeeb57ff0e2e03.jpg 1040,407,1351,947,3
IMG_3868_jpg.rf.d51f05b91c6c54b7d47b82fe5a50eb95.jpg 811,666,1271,954,4 676,541,1072,972,5 400,828,822,1163,7 929,376,1355,806,0 1145,1116,1571,1430,30 221,843,619,1260,18 329,477,779,799,2 434,182,815,647,29 778,876,1060,1257,23 1250,757,1493,1140,31
IMG_3894_jpg.rf.d5b67221634bc11d9ee919681fe729e9.jpg 905,415,1220,959,13
IMG_3882_jpg.rf.d999bfe54f44e015b81b2e24be28ff06.jpg 777,520,1401,1000,28
IMG_3888_jpg.rf.d6b08683cd85c968e49eb1b5bb3a63b6.jpg 925,462,1264,1006,9
IMG_3857_jpg.rf.d70cd732c77acc583e9159edaa4f5670.jpg 145,126,327,420,6 1371,781,1702,994,4 1748,1048,1932,1379,5 1689,628,2023,931,7 975,84,1157,366,28 1231,378,1558,616,24 1422,59,1625,345,16 61,1111,293,1463,0 134,732,327,1059,14 344,713,536,1040,12 577,429,759,730,13 860,720,1040,1032,15 1529,1041,1724,1377,30 1145,529,1455,854,26 1530,328,1734,627,18 960,380,1152,687,2 134,417,318,729,10 577,732,789,1065,8 364,398,558,712,9 786,384,964,683,11 1614,50,1798,327,29 1016,694,1226,1018,25 1756,344,1958,636,17 766,71,937,353,22 160,495,486,828,20 325,1077,643,1452,21 749,1043,1044,1422,23 1047,1035,1240,1371,31 1293,1046,1481,1386,27 1505,694,1692,1014,19 787,432,1124,713,3 414,90,745,389,1
IMG_3866_jpg.rf.da43f0353fed784b40bc8b376ac36a6d.jpg 808,482,1340,843,4 213,521,758,960,5 903,645,1390,926,0 1161,1062,1669,1378,30 523,861,1027,1352,21 214,925,688,1366,23 1301,253,1883,744,31 499,632,806,1155,19
IMG_3975_jpg.rf.db1a8a2b097bc63a864d13067af13f4b.jpg 382,545,1371,1117,27
IMG_3894_jpg.rf.da56befcd49b7aeede3a55faf26b119b.jpg 905,577,1220,1121,13
IMG_3868_jpg.rf.db9b1791af651f227ab41109f8a381a4.jpg 811,666,1271,954,4 676,541,1072,972,5 400,828,822,1163,7 929,376,1355,806,0 1145,1116,1571,1430,30 221,843,619,1260,18 329,477,779,799,2 434,182,815,647,29 778,876,1060,1257,23 1250,757,1493,1140,31
IMG_3859_jpg.rf.dd7749f51657b3e14cb20e3af8342df9.jpg 215,1099,464,1387,6 1275,610,1593,795,4 1521,545,1824,850,5 1687,865,1994,1032,7 1052,1095,1304,1389,28 1136,1007,1444,1196,24 1457,1084,1697,1372,16 24,180,254,515,0 76,496,398,827,14 389,525,716,826,12 551,863,785,1162,13 795,572,970,868,15 1255,297,1569,626,30 1072,731,1364,1047,26 1303,953,1619,1150,18 903,872,1109,1166,2 103,807,288,1103,10 560,505,820,831,8 353,882,541,1164,9 741,889,932,1173,11 1551,876,1808,1181,29 940,580,1143,879,25 1680,1114,1873,1372,17 859,1170,1016,1434,22 177,736,508,1020,20 286,186,576,539,21 1094,258,1306,594,23 609,326,932,564,31 434,792,761,1080,27 1376,548,1580,842,19 739,871,1061,1114,3 431,1168,730,1447,1
IMG_3878_jpg.rf.db8107eb05bbb6f196243d47f9d8ea5f.jpg 941,456,1520,835,0
IMG_3874_jpg.rf.e11a0c952a09f6c8eb1d9b77b664d1e3.jpg 837,610,1288,1190,18
IMG_3879_jpg.rf.e2591cd80049b4fd61ec292ce9eb4c9a.jpg 947,542,1507,1118,29
IMG_3857_jpg.rf.e24517ad7b36a2412c8ddacd2d71a2fe.jpg 145,1116,327,1410,6 1371,543,1702,756,4 1748,158,1932,489,5 1689,606,2023,909,7 975,1170,1157,1452,28 1231,920,1558,1158,24 1422,1191,1625,1477,16 61,73,293,425,0 134,478,327,805,14 344,497,536,824,12 577,807,759,1108,13 860,504,1040,816,15 1529,159,1724,495,30 1145,683,1455,1008,26 1530,910,1734,1209,18 960,850,1152,1157,2 134,807,318,1119,10 577,472,789,805,8 364,824,558,1138,9 786,854,964,1153,11 1614,1210,1798,1487,29 1016,518,1226,842,25 1756,900,1958,1192,17 766,1183,937,1465,22 160,709,486,1042,20 325,85,643,460,21 749,115,1044,494,23 1047,165,1240,501,31 1293,150,1481,490,27 1505,522,1692,842,19 787,824,1124,1105,3 414,1148,745,1447,1
IMG_3860_jpg.rf.ee9d675148359fc33d16833879f54953.jpg 312,955,632,1279,6 1571,379,1961,667,7 1041,1078,1376,1376,28 1175,917,1517,1206,24 1409,1004,1669,1344,16 188,353,547,684,14 656,291,1013,523,12 758,632,977,965,13 974,242,1338,617,15 1084,572,1391,914,26 1282,805,1654,1106,18 1013,727,1238,1056,2 192,661,385,988,10 837,222,1163,598,8 554,616,822,965,9 816,728,1033,1053,11 1074,199,1435,424,25 1608,1073,1840,1378,17 860,1079,1076,1378,22 378,494,696,851,20 871,569,1189,915,27 1324,755,1577,1093,3 525,1049,785,1365,1
IMG_3886_jpg.rf.f269985d9d811ad4f93442e743674e4b.jpg 927,545,1363,1139,19